# This file may be used to create an environment using:
# $ conda create --name <env> --file <this file>
# platform: win-64
blas=1.0=mkl
brotli-python=1.0.9=py38hd77b12b_8
ca-certificates=2025.4.26=h4c7d964_0
certifi=2024.8.30=py38haa95532_0
charset-normalizer=3.3.2=pyhd3eb1b0_0
colorama=0.4.6=py38haa95532_0
cuda-cccl=12.9.27=0
cuda-cccl_win-64=12.9.27=0
cuda-cudart=11.7.99=0
cuda-cudart-dev=11.7.99=0
cuda-cupti=11.7.101=0
cuda-libraries=11.7.1=0
cuda-libraries-dev=11.7.1=0
cuda-nvrtc=11.7.99=0
cuda-nvrtc-dev=11.7.99=0
cuda-nvtx=11.7.91=0
cuda-runtime=11.7.1=0
cuda-version=12.9=3
easydict=1.13=pyhff2d567_1
einops=0.8.0=pypi_0
freetype=2.13.3=h0620614_0
gmpy2=2.1.2=py38h7f96b67_0
idna=3.7=py38haa95532_0
intel-openmp=2023.1.0=h59b6b97_46320
jpeg=9e=h827c3e9_3
lcms2=2.16=hb4a4139_0
lerc=4.0.0=h5da7b33_0
libcublas=11.10.3.66=0
libcublas-dev=11.10.3.66=0
libcufft=10.7.2.124=0
libcufft-dev=10.7.2.124=0
libcurand=10.3.10.19=0
libcurand-dev=10.3.10.19=0
libcusolver=11.4.0.1=0
libcusolver-dev=11.4.0.1=0
libcusparse=11.7.4.91=0
libcusparse-dev=11.7.4.91=0
libdeflate=1.22=h5bf469e_0
libffi=3.4.4=hd77b12b_1
libnpp=11.7.4.75=0
libnpp-dev=11.7.4.75=0
libnvjpeg=11.8.0.2=0
libnvjpeg-dev=11.8.0.2=0
libpng=1.6.39=h8cc25b3_0
libtiff=4.5.1=h44ae7cf_1
libuv=1.48.0=h827c3e9_0
libwebp-base=1.3.2=h3d04722_1
lmdb=1.6.2=pypi_0
lz4-c=1.9.4=h2bbff1b_1
mkl=2023.1.0=h6b88ed4_46358
mkl-service=2.4.0=py38h2bbff1b_1
mkl_fft=1.3.8=py38h2bbff1b_0
mkl_random=1.2.4=py38h59b6b97_0
mpc=1.1.0=h7edee0f_1
mpfr=4.0.2=h62dcd97_1
mpir=3.0.0=hec2e145_1
mpmath=1.3.0=py38haa95532_0
numpy=1.24.3=py38h79a8e48_1
numpy-base=1.24.3=py38h8a87ada_1
opencv-python=4.5.2.54=pypi_0
openjpeg=2.5.2=hae555c5_0
openssl=3.5.0=ha4e3fda_1
packaging=24.1=py38haa95532_0
pillow=10.4.0=py38h827c3e9_0
pip=24.2=py38haa95532_0
protobuf=5.29.4=pypi_0
pysocks=1.7.1=py38haa95532_0
python=3.8.19=h1aa4202_0
pytorch=1.13.0=py3.8_cuda11.7_cudnn8_0
pytorch-cuda=11.7=h16d0643_5
pytorch-mutex=1.0=cuda
pyyaml=6.0.2=py38h827c3e9_0
requests=2.32.3=py38haa95532_0
setuptools=75.1.0=py38haa95532_0
six=1.16.0=pyh6c4a22f_0
sqlite=3.45.3=h2bbff1b_0
sympy=1.13.3=py38haa95532_0
tbb=2021.8.0=h59b6b97_0
tensorboardx=2.6.2.2=pypi_0
torchaudio=0.13.0=pypi_0
torchvision=0.14.0=pypi_0
tqdm=4.66.5=py38h9909e9c_0
typing_extensions=4.11.0=py38haa95532_0
ucrt=10.0.22621.0=h57928b3_1
urllib3=2.2.3=py38haa95532_0
vc=14.42=haa95532_5
vc14_runtime=14.42.34438=hfd919c2_26
vs2015_runtime=14.42.34438=h7142326_26
wheel=0.44.0=py38haa95532_0
win_inet_pton=1.1.0=py38haa95532_0
xz=5.6.4=h4754444_1
yaml=0.2.5=he774522_0
zlib=1.2.13=h8cc25b3_1
zstd=1.5.6=h8880b57_0
